0 0 5 3 0 0 0 0 0
8 0 0 0 0 0 0 2 0
0 7 0 0 1 0 5 0 0
4 0 0 0 0 5 3 0 0
0 1 0 0 7 0 0 0 6
0 0 3 2 0 0 0 8 0
0 6 0 5 0 0 0 0 9
0 0 4 0 0 0 0 3 0
0 0 0 0 0 9 7 0 0

0 0 0 0 0 0 0 0 0
0 0 0 0 0 3 0 8 5
0 0 1 0 2 0 0 0 0
0 0 0 5 0 7 0 0 0
0 0 4 0 0 0 1 0 0
0 9 0 0 0 0 0 0 0
5 0 0 0 0 0 0 7 3
0 0 2 0 1 0 0 0 0
0 0 0 0 4 0 0 0 9

1 1 0 0 0 0 0 0 0
0 0 0 0 0 0 0 0 0
0 0 0 0 0 0 0 0 0
0 0 0 0 0 0 0 0 0
0 0 0 0 0 0 0 0 0
0 0 0 0 0 0 0 0 0
0 0 0 0 0 0 0 0 0
0 0 0 0 0 0 0 0 0
0 0 0 0 0 0 0 0 0

5 3 0 0 7 0 0 0 0
6 0 0 1 9 5 0 0 0
0 9 8 0 0 0 0 6 0
8 0 0 0 6 0 0 0 3
4 0 0 8 0 3 0 0 1
7 0 0 0 2 0 0 0 6
0 6 0 0 0 0 2 8 0
0 0 0 4 1 9 0 0 5
0 0 0 0 8 0 0 7 9

0 0 0 0 4 0 0 0 0
1 2 0 0 0 0 0 7 3
0 3 0 0 0 8 0 0 0
0 0 4 0 0 0 6 0 0
0 0 0 2 0 3 0 0 0
0 0 5 0 0 0 0 0 0
0 0 6 0 9 0 5 0 0
0 7 0 0 0 0 0 2 0
0 0 0 0 0 0 0 0 0

0 0 0 0 0 0 0 0 0
1 2 0 0 0 0 0 8 4
0 3 0 0 0 0 0 7 0
0 0 4 0 0 0 6 0 0
0 0 0 2 0 3 0 0 0
0 0 5 0 0 0 9 0 0
0 0 6 0 9 0 5 0 0
0 7 0 0 0 0 0 2 0
0 0 0 0 5 0 0 0 0

0 0 0 0 0 0 0 0 1
0 0 0 0 0 0 0 2 3
0 0 4 0 0 5 0 0 0
0 0 0 1 0 0 0 0 0
0 0 0 0 3 0 6 0 0
0 0 7 0 0 0 5 8 0
0 0 0 0 6 7 0 0 0
0 1 0 0 0 4 0 0 0
5 2 0 0 0 0 0 0 0

0 0 0 2 1 0 0 0 0
0 0 7 3 0 0 0 0 0
0 5 8 0 0 0 0 0 0
4 3 0 0 0 0 0 0 0
2 0 0 0 0 0 0 0 8
0 0 0 0 0 0 0 7 6
0 0 0 0 0 0 2 5 0
0 0 0 0 0 7 3 0 0
0 0 0 0 9 8 0 0 0

7 8 9 1 2 3 4 5 6
3 0 0 0 4 0 0 0 8
5 0 0 0 9 0 0 0 1
8 0 0 0 3 0 0 0 4
1 2 3 4 5 6 7 8 9
6 0 0 0 7 0 0 0 2
9 0 0 0 1 0 0 0 5
2 0 0 0 6 0 0 0 7
1 5 6 7 8 9 1 2 3

1 0 0 2 0 0 3 0 0
2 0 0 3 0 0 4 0 0
3 0 0 4 0 0 5 0 0
4 0 0 5 0 0 6 0 0
0 0 0 0 0 0 0 0 0
0 0 3 0 0 4 0 0 5
0 0 4 0 0 5 0 0 6
0 0 5 0 0 6 0 0 7
0 0 6 0 0 7 0 0 8

0 0 0 0 0 0 0 1 0
0 0 0 0 0 2 0 0 3
0 0 0 4 0 0 0 0 0
0 0 0 0 0 0 5 0 0
4 0 1 6 0 0 0 0 0
0 0 7 1 0 0 0 0 0
0 5 0 0 0 0 2 0 0
0 0 0 0 8 0 0 4 0
0 3 0 9 1 0 0 0 0

0 0 0 0 0 0 0 0 1
0 0 0 0 0 0 0 2 3
0 0 4 0 0 5 0 0 0
0 0 0 1 0 0 0 0 0
0 0 0 0 3 0 6 0 0 
0 0 7 0 0 0 5 8 0
0 0 0 0 6 7 0 0 0
0 1 0 0 0 4 0 0 0
5 2 0 0 0 0 0 0 0

0 0 0 0 0 0 0 0 0
0 9 0 0 1 0 0 3 0
0 0 6 0 2 0 7 0 0
0 0 0 3 0 4 0 0 0
2 1 0 0 0 0 0 9 8
0 0 0 0 0 0 0 0 0
0 0 2 5 0 6 4 0 0 
0 8 0 0 0 0 0 1 0
0 0 0 0 0 0 0 0 0

0 0 0 9 0 2 0 0 0
0 4 0 0 0 0 0 5 0
0 0 2 0 0 0 3 0 0
2 0 0 0 0 0 0 0 7
0 0 0 4 5 6 0 0 0
6 0 0 0 0 0 0 0 9
0 0 7 0 0 0 8 0 0 
0 3 0 0 0 0 0 4 0
0 0 0 2 0 7 0 0 0

0 0 0 6 0 3 0 0 0
0 3 0 0 1 0 0 5 0
0 0 9 0 0 0 2 0 0
7 0 0 1 0 6 0 0 9
0 2 0 0 0 0 0 8 0
1 0 0 4 0 9 0 0 3
0 0 8 0 0 0 1 0 0
0 5 0 0 9 0 0 7 0
0 0 0 7 0 4 0 0 0

1 0 2 0 0 0 0 0 0
0 0 3 0 0 0 0 0 0
0 0 0 0 0 0 0 0 4
0 4 0 0 5 0 0 0 0
0 6 0 0 7 0 0 0 0
0 0 0 0 0 0 0 2 0
0 8 0 0 0 0 0 0 0
0 0 0 0 0 0 0 0 0
0 0 0 0 0 0 8 0 0

0 0 0 0 0 0 0 0 0
0 1 2 0 3 4 5 6 7
0 3 4 5 0 6 1 8 2
0 0 1 0 5 8 2 0 6
0 0 8 6 0 0 0 0 1
0 2 0 0 0 7 0 5 0
0 0 3 7 0 5 0 2 8
0 8 0 0 6 0 7 0 0
2 0 7 0 8 3 6 1 5

0 0 6 7 0 3 5 0 0
0 0 0 0 4 0 0 0 0
5 0 0 0 0 0 0 0 2
9 0 0 0 0 0 0 0 7
0 3 0 0 0 0 0 4 0
8 0 0 0 0 0 0 0 1
1 0 0 0 0 0 0 0 4
0 0 0 0 0 0 0 0 0
0 5 9 2 6 7 3 1 0

1 4 0 9 3 0 0 0 0
9 3 0 1 0 0 0 0 0
0 0 0 0 0 0 0 0 0
0 0 0 0 0 0 0 0 0
5 6 0 0 0 0 0 0 4
8 9 0 0 0 0 0 2 7
0 0 0 0 0 0 0 0 0
0 0 0 2 5 0 0 1 8
0 0 0 7 4 0 0 3 2

0 0 0 5 6 0 0 3 4
0 0 0 7 8 0 0 5 6
0 0 0 0 0 0 0 0 0
1 2 0 0 0 0 0 0 0
3 4 0 0 0 0 0 6 7
0 0 0 0 0 0 0 8 9
0 0 0 0 0 0 0 0 0
4 5 0 0 2 3 0 0 0
6 7 0 0 4 5 0 0 0
